%HEADER
Output file created by FEMEP (version April/2023).
'File created by FEMEP program'

%HEADER.ANALYSIS
'plane_stress ISOGEOMETRIC'

%NODE
169

%NODE.COORD
169
1   -2.000000 0.000000 0.000000
2   -2.000000 0.166667 0.000000
3   -2.000000 0.500000 0.000000
4   -2.000000 1.000000 0.000000
5   -2.000000 1.500000 0.000000
6   -2.000000 1.833333 0.000000
7   -2.000000 2.000000 0.000000
8   -2.166667 0.000000 0.000000
9   -2.166667 0.166667 0.000000
10   -2.166667 0.527778 0.000000
11   -2.166667 1.083333 0.000000
12   -2.166667 1.638889 0.000000
13   -2.166667 2.000000 0.000000
14   -2.166667 2.166667 0.000000
15   -2.500000 0.000000 0.000000
16   -2.500000 0.194444 0.000000
17   -2.500000 0.611111 0.000000
18   -2.500000 1.250000 0.000000
19   -2.500000 1.888889 0.000000
20   -2.500000 2.305556 0.000000
21   -2.500000 2.500000 0.000000
22   -3.000000 0.000000 0.000000
23   -3.000000 0.250000 0.000000
24   -3.000000 0.750000 0.000000
25   -3.000000 1.500000 0.000000
26   -3.000000 2.250000 0.000000
27   -3.000000 2.750000 0.000000
28   -3.000000 3.000000 0.000000
29   -3.500000 0.000000 0.000000
30   -3.500000 0.305556 0.000000
31   -3.500000 0.888889 0.000000
32   -3.500000 1.750000 0.000000
33   -3.500000 2.611111 0.000000
34   -3.500000 3.194444 0.000000
35   -3.500000 3.500000 0.000000
36   -3.833333 0.000000 0.000000
37   -3.833333 0.333333 0.000000
38   -3.833333 0.972222 0.000000
39   -3.833333 1.916667 0.000000
40   -3.833333 2.861111 0.000000
41   -3.833333 3.500000 0.000000
42   -3.833333 3.833333 0.000000
43   -4.000000 0.000000 0.000000
44   -4.000000 0.333333 0.000000
45   -4.000000 1.000000 0.000000
46   -4.000000 2.000000 0.000000
47   -4.000000 3.000000 0.000000
48   -4.000000 3.666667 0.000000
49   -4.000000 4.000000 0.000000
50   -1.833333 2.000000 0.000000
51   -1.500000 2.000000 0.000000
52   -1.000000 2.000000 0.000000
53   -0.500000 2.000000 0.000000
54   -0.166667 2.000000 0.000000
55   0.000000 2.000000 0.000000
56   -2.000000 2.166667 0.000000
57   -1.638889 2.166667 0.000000
58   -1.083333 2.166667 0.000000
59   -0.527778 2.166667 0.000000
60   -0.166667 2.166667 0.000000
61   0.000000 2.166667 0.000000
62   -2.305556 2.500000 0.000000
63   -1.888889 2.500000 0.000000
64   -1.250000 2.500000 0.000000
65   -0.611111 2.500000 0.000000
66   -0.194444 2.500000 0.000000
67   0.000000 2.500000 0.000000
68   -2.750000 3.000000 0.000000
69   -2.250000 3.000000 0.000000
70   -1.500000 3.000000 0.000000
71   -0.750000 3.000000 0.000000
72   -0.250000 3.000000 0.000000
73   0.000000 3.000000 0.000000
74   -3.194444 3.500000 0.000000
75   -2.611111 3.500000 0.000000
76   -1.750000 3.500000 0.000000
77   -0.888889 3.500000 0.000000
78   -0.305556 3.500000 0.000000
79   0.000000 3.500000 0.000000
80   -3.500000 3.833333 0.000000
81   -2.861111 3.833333 0.000000
82   -1.916667 3.833333 0.000000
83   -0.972222 3.833333 0.000000
84   -0.333333 3.833333 0.000000
85   0.000000 3.833333 0.000000
86   -3.666667 4.000000 0.000000
87   -3.000000 4.000000 0.000000
88   -2.000000 4.000000 0.000000
89   -1.000000 4.000000 0.000000
90   -0.333333 4.000000 0.000000
91   0.000000 4.000000 0.000000
92   -1.000000 0.000000 0.000000
93   -1.000000 0.064600 0.000000
94   -0.987396 0.195102 0.000000
95   -0.929992 0.385215 0.000000
96   -0.836153 0.560237 0.000000
97   -0.752786 0.661428 0.000000
98   -0.707107 0.707107 0.000000
99   -1.083333 0.000000 0.000000
100   -1.080112 0.063644 0.000000
101   -1.066793 0.210409 0.000000
102   -1.015736 0.435538 0.000000
103   -0.933084 0.647339 0.000000
104   -0.858095 0.768089 0.000000
105   -0.814848 0.814848 0.000000
106   -1.250000 0.000000 0.000000
107   -1.248030 0.080803 0.000000
108   -1.238777 0.262241 0.000000
109   -1.198505 0.540543 0.000000
110   -1.130725 0.806879 0.000000
111   -1.067513 0.964845 0.000000
112   -1.030330 1.030330 0.000000
113   -1.500000 0.000000 0.000000
114   -1.503192 0.115959 0.000000
115   -1.501857 0.350008 0.000000
116   -1.476258 0.699078 0.000000
117   -1.427453 1.037690 0.000000
118   -1.380374 1.251121 0.000000
119   -1.353553 1.353553 0.000000
120   -1.750000 0.000000 0.000000
121   -1.757270 0.150967 0.000000
122   -1.762125 0.436837 0.000000
123   -1.750140 0.855405 0.000000
124   -1.721011 1.266035 0.000000
125   -1.691907 1.536182 0.000000
126   -1.676777 1.676777 0.000000
127   -1.916667 0.000000 0.000000
128   -1.922686 0.167831 0.000000
129   -1.927672 0.486639 0.000000
130   -1.924034 0.955324 0.000000
131   -1.911314 1.419744 0.000000
132   -1.898226 1.730060 0.000000
133   -1.892259 1.892259 0.000000
134   -0.661428 0.752786 0.000000
135   -0.560237 0.836153 0.000000
136   -0.385215 0.929992 0.000000
137   -0.195102 0.987396 0.000000
138   -0.064600 1.000000 0.000000
139   0.000000 1.000000 0.000000
140   -0.768089 0.858095 0.000000
141   -0.647339 0.933084 0.000000
142   -0.435538 1.015736 0.000000
143   -0.210409 1.066793 0.000000
144   -0.063644 1.080112 0.000000
145   0.000000 1.083333 0.000000
146   -0.964845 1.067513 0.000000
147   -0.806879 1.130725 0.000000
148   -0.540543 1.198505 0.000000
149   -0.262241 1.238777 0.000000
150   -0.080803 1.248030 0.000000
151   0.000000 1.250000 0.000000
152   -1.251121 1.380374 0.000000
153   -1.037690 1.427453 0.000000
154   -0.699078 1.476258 0.000000
155   -0.350008 1.501857 0.000000
156   -0.115959 1.503192 0.000000
157   0.000000 1.500000 0.000000
158   -1.536182 1.691907 0.000000
159   -1.266035 1.721011 0.000000
160   -0.855405 1.750140 0.000000
161   -0.436837 1.762125 0.000000
162   -0.150967 1.757270 0.000000
163   0.000000 1.750000 0.000000
164   -1.730060 1.898226 0.000000
165   -1.419744 1.911314 0.000000
166   -0.955324 1.924034 0.000000
167   -0.486639 1.927672 0.000000
168   -0.167831 1.922686 0.000000
169   0.000000 1.916667 0.000000

%NODE.WEIGHT
169
1   1.000000
2   1.000000
3   1.000000
4   1.000000
5   1.000000
6   1.000000
7   1.000000
8   1.000000
9   1.000000
10   1.000000
11   1.000000
12   1.000000
13   1.000000
14   1.000000
15   1.000000
16   1.000000
17   1.000000
18   1.000000
19   1.000000
20   1.000000
21   1.000000
22   1.000000
23   1.000000
24   1.000000
25   1.000000
26   1.000000
27   1.000000
28   1.000000
29   1.000000
30   1.000000
31   1.000000
32   1.000000
33   1.000000
34   1.000000
35   1.000000
36   1.000000
37   1.000000
38   1.000000
39   1.000000
40   1.000000
41   1.000000
42   1.000000
43   1.000000
44   1.000000
45   1.000000
46   1.000000
47   1.000000
48   1.000000
49   1.000000
50   1.000000
51   1.000000
52   1.000000
53   1.000000
54   1.000000
55   1.000000
56   1.000000
57   1.000000
58   1.000000
59   1.000000
60   1.000000
61   1.000000
62   1.000000
63   1.000000
64   1.000000
65   1.000000
66   1.000000
67   1.000000
68   1.000000
69   1.000000
70   1.000000
71   1.000000
72   1.000000
73   1.000000
74   1.000000
75   1.000000
76   1.000000
77   1.000000
78   1.000000
79   1.000000
80   1.000000
81   1.000000
82   1.000000
83   1.000000
84   1.000000
85   1.000000
86   1.000000
87   1.000000
88   1.000000
89   1.000000
90   1.000000
91   1.000000
92   1.000000
93   0.987313
94   0.968283
95   0.958768
96   0.968283
97   0.987313
98   1.000000
99   1.000000
100   0.989428
101   0.973569
102   0.965640
103   0.973569
104   0.989428
105   1.000000
106   1.000000
107   0.991542
108   0.978855
109   0.972512
110   0.978855
111   0.991542
112   1.000000
113   1.000000
114   0.993657
115   0.984142
116   0.979384
117   0.984142
118   0.993657
119   1.000000
120   1.000000
121   0.995771
122   0.989428
123   0.986256
124   0.989428
125   0.995771
126   1.000000
127   1.000000
128   0.997886
129   0.994714
130   0.993128
131   0.994714
132   0.997886
133   1.000000
134   0.987313
135   0.968283
136   0.958768
137   0.968283
138   0.987313
139   1.000000
140   0.989428
141   0.973569
142   0.965640
143   0.973569
144   0.989428
145   1.000000
146   0.991542
147   0.978855
148   0.972512
149   0.978855
150   0.991542
151   1.000000
152   0.993657
153   0.984142
154   0.979384
155   0.984142
156   0.993657
157   1.000000
158   0.995771
159   0.989428
160   0.986256
161   0.989428
162   0.995771
163   1.000000
164   0.997886
165   0.994714
166   0.993128
167   0.994714
168   0.997886
169   1.000000

%NODE.SUPPORT
26
1   0 1 0 0 0 0
8   0 1 0 0 0 0
15   0 1 0 0 0 0
22   0 1 0 0 0 0
29   0 1 0 0 0 0
36   0 1 0 0 0 0
43   0 1 0 0 0 0
55   1 0 0 0 0 0
61   1 0 0 0 0 0
67   1 0 0 0 0 0
73   1 0 0 0 0 0
79   1 0 0 0 0 0
85   1 0 0 0 0 0
91   1 0 0 0 0 0
92   0 1 0 0 0 0
99   0 1 0 0 0 0
106   0 1 0 0 0 0
113   0 1 0 0 0 0
120   0 1 0 0 0 0
127   0 1 0 0 0 0
139   1 0 0 0 0 0
145   1 0 0 0 0 0
151   1 0 0 0 0 0
157   1 0 0 0 0 0
163   1 0 0 0 0 0
169   1 0 0 0 0 0

%MATERIAL
1

%MATERIAL.ISOTROPIC
1
1   10000.0 0.250000

%THICKNESS
1
1   1.000000

%INTEGRATION.ORDER
4
1 1 1 1 1 1 1
2 3 3 1 3 3 1
3 1 1 1 1 1 1
4 4 4 1 4 4 1

%SURFACE
4

%SURFACE.DEGREE
1   3 3
2   3 3
3   3 3
4   3 3

%SURFACE.KNOTVECTOR
1   11   0.0 0.0 0.0 0.0 0.25 0.5 0.75 1.0 1.0 1.0 1.0   11   0.0 0.0 0.0 0.0 0.25 0.5 0.75 1.0 1.0 1.0 1.0
2   11   0.0 0.0 0.0 0.0 0.25 0.5 0.75 1.0 1.0 1.0 1.0   11   0.0 0.0 0.0 0.0 0.25 0.5 0.75 1.0 1.0 1.0 1.0
3   11   0.0 0.0 0.0 0.0 0.25 0.5 0.75 1.0 1.0 1.0 1.0   11   0.0 0.0 0.0 0.0 0.25 0.5 0.75 1.0 1.0 1.0 1.0
4   11   0.0 0.0 0.0 0.0 0.25 0.5 0.75 1.0 1.0 1.0 1.0   11   0.0 0.0 0.0 0.0 0.25 0.5 0.75 1.0 1.0 1.0 1.0

%SURFACE.CTRLNET
1
1  2  3  4  5  6  7  
8  9  10  11  12  13  14  
15  16  17  18  19  20  21  
22  23  24  25  26  27  28  
29  30  31  32  33  34  35  
36  37  38  39  40  41  42  
43  44  45  46  47  48  49  
2
7  50  51  52  53  54  55  
14  56  57  58  59  60  61  
21  62  63  64  65  66  67  
28  68  69  70  71  72  73  
35  74  75  76  77  78  79  
42  80  81  82  83  84  85  
49  86  87  88  89  90  91  
3
92  93  94  95  96  97  98  
99  100  101  102  103  104  105  
106  107  108  109  110  111  112  
113  114  115  116  117  118  119  
120  121  122  123  124  125  126  
127  128  129  130  131  132  133  
1  2  3  4  5  6  7  
4
98  134  135  136  137  138  139  
105  140  141  142  143  144  145  
112  146  147  148  149  150  151  
119  152  153  154  155  156  157  
126  158  159  160  161  162  163  
133  164  165  166  167  168  169  
7  50  51  52  53  54  55  

%ELEMENT
64

%ELEMENT.ISOGEOMETRIC
1   16
1   1 1 4   16   1 2 3 4 8 9 10 11 15 16 17 18 22 23 24 25   0.0 0.25   0.0 0.25
2   1 1 4   16   2 3 4 5 9 10 11 12 16 17 18 19 23 24 25 26   0.25 0.5   0.0 0.25
3   1 1 4   16   3 4 5 6 10 11 12 13 17 18 19 20 24 25 26 27   0.5 0.75   0.0 0.25
4   1 1 4   16   4 5 6 7 11 12 13 14 18 19 20 21 25 26 27 28   0.75 1.0   0.0 0.25
5   1 1 4   16   8 9 10 11 15 16 17 18 22 23 24 25 29 30 31 32   0.0 0.25   0.25 0.5
6   1 1 4   16   9 10 11 12 16 17 18 19 23 24 25 26 30 31 32 33   0.25 0.5   0.25 0.5
7   1 1 4   16   10 11 12 13 17 18 19 20 24 25 26 27 31 32 33 34   0.5 0.75   0.25 0.5
8   1 1 4   16   11 12 13 14 18 19 20 21 25 26 27 28 32 33 34 35   0.75 1.0   0.25 0.5
9   1 1 4   16   15 16 17 18 22 23 24 25 29 30 31 32 36 37 38 39   0.0 0.25   0.5 0.75
10   1 1 4   16   16 17 18 19 23 24 25 26 30 31 32 33 37 38 39 40   0.25 0.5   0.5 0.75
11   1 1 4   16   17 18 19 20 24 25 26 27 31 32 33 34 38 39 40 41   0.5 0.75   0.5 0.75
12   1 1 4   16   18 19 20 21 25 26 27 28 32 33 34 35 39 40 41 42   0.75 1.0   0.5 0.75
13   1 1 4   16   22 23 24 25 29 30 31 32 36 37 38 39 43 44 45 46   0.0 0.25   0.75 1.0
14   1 1 4   16   23 24 25 26 30 31 32 33 37 38 39 40 44 45 46 47   0.25 0.5   0.75 1.0
15   1 1 4   16   24 25 26 27 31 32 33 34 38 39 40 41 45 46 47 48   0.5 0.75   0.75 1.0
16   1 1 4   16   25 26 27 28 32 33 34 35 39 40 41 42 46 47 48 49   0.75 1.0   0.75 1.0
2   16
17   1 1 4   16   7 50 51 52 14 56 57 58 21 62 63 64 28 68 69 70   0.0 0.25   0.0 0.25
18   1 1 4   16   50 51 52 53 56 57 58 59 62 63 64 65 68 69 70 71   0.25 0.5   0.0 0.25
19   1 1 4   16   51 52 53 54 57 58 59 60 63 64 65 66 69 70 71 72   0.5 0.75   0.0 0.25
20   1 1 4   16   52 53 54 55 58 59 60 61 64 65 66 67 70 71 72 73   0.75 1.0   0.0 0.25
21   1 1 4   16   14 56 57 58 21 62 63 64 28 68 69 70 35 74 75 76   0.0 0.25   0.25 0.5
22   1 1 4   16   56 57 58 59 62 63 64 65 68 69 70 71 74 75 76 77   0.25 0.5   0.25 0.5
23   1 1 4   16   57 58 59 60 63 64 65 66 69 70 71 72 75 76 77 78   0.5 0.75   0.25 0.5
24   1 1 4   16   58 59 60 61 64 65 66 67 70 71 72 73 76 77 78 79   0.75 1.0   0.25 0.5
25   1 1 4   16   21 62 63 64 28 68 69 70 35 74 75 76 42 80 81 82   0.0 0.25   0.5 0.75
26   1 1 4   16   62 63 64 65 68 69 70 71 74 75 76 77 80 81 82 83   0.25 0.5   0.5 0.75
27   1 1 4   16   63 64 65 66 69 70 71 72 75 76 77 78 81 82 83 84   0.5 0.75   0.5 0.75
28   1 1 4   16   64 65 66 67 70 71 72 73 76 77 78 79 82 83 84 85   0.75 1.0   0.5 0.75
29   1 1 4   16   28 68 69 70 35 74 75 76 42 80 81 82 49 86 87 88   0.0 0.25   0.75 1.0
30   1 1 4   16   68 69 70 71 74 75 76 77 80 81 82 83 86 87 88 89   0.25 0.5   0.75 1.0
31   1 1 4   16   69 70 71 72 75 76 77 78 81 82 83 84 87 88 89 90   0.5 0.75   0.75 1.0
32   1 1 4   16   70 71 72 73 76 77 78 79 82 83 84 85 88 89 90 91   0.75 1.0   0.75 1.0
3   16
33   1 1 4   16   92 93 94 95 99 100 101 102 106 107 108 109 113 114 115 116   0.0 0.25   0.0 0.25
34   1 1 4   16   93 94 95 96 100 101 102 103 107 108 109 110 114 115 116 117   0.25 0.5   0.0 0.25
35   1 1 4   16   94 95 96 97 101 102 103 104 108 109 110 111 115 116 117 118   0.5 0.75   0.0 0.25
36   1 1 4   16   95 96 97 98 102 103 104 105 109 110 111 112 116 117 118 119   0.75 1.0   0.0 0.25
37   1 1 4   16   99 100 101 102 106 107 108 109 113 114 115 116 120 121 122 123   0.0 0.25   0.25 0.5
38   1 1 4   16   100 101 102 103 107 108 109 110 114 115 116 117 121 122 123 124   0.25 0.5   0.25 0.5
39   1 1 4   16   101 102 103 104 108 109 110 111 115 116 117 118 122 123 124 125   0.5 0.75   0.25 0.5
40   1 1 4   16   102 103 104 105 109 110 111 112 116 117 118 119 123 124 125 126   0.75 1.0   0.25 0.5
41   1 1 4   16   106 107 108 109 113 114 115 116 120 121 122 123 127 128 129 130   0.0 0.25   0.5 0.75
42   1 1 4   16   107 108 109 110 114 115 116 117 121 122 123 124 128 129 130 131   0.25 0.5   0.5 0.75
43   1 1 4   16   108 109 110 111 115 116 117 118 122 123 124 125 129 130 131 132   0.5 0.75   0.5 0.75
44   1 1 4   16   109 110 111 112 116 117 118 119 123 124 125 126 130 131 132 133   0.75 1.0   0.5 0.75
45   1 1 4   16   113 114 115 116 120 121 122 123 127 128 129 130 1 2 3 4   0.0 0.25   0.75 1.0
46   1 1 4   16   114 115 116 117 121 122 123 124 128 129 130 131 2 3 4 5   0.25 0.5   0.75 1.0
47   1 1 4   16   115 116 117 118 122 123 124 125 129 130 131 132 3 4 5 6   0.5 0.75   0.75 1.0
48   1 1 4   16   116 117 118 119 123 124 125 126 130 131 132 133 4 5 6 7   0.75 1.0   0.75 1.0
4   16
49   1 1 4   16   98 134 135 136 105 140 141 142 112 146 147 148 119 152 153 154   0.0 0.25   0.0 0.25
50   1 1 4   16   134 135 136 137 140 141 142 143 146 147 148 149 152 153 154 155   0.25 0.5   0.0 0.25
51   1 1 4   16   135 136 137 138 141 142 143 144 147 148 149 150 153 154 155 156   0.5 0.75   0.0 0.25
52   1 1 4   16   136 137 138 139 142 143 144 145 148 149 150 151 154 155 156 157   0.75 1.0   0.0 0.25
53   1 1 4   16   105 140 141 142 112 146 147 148 119 152 153 154 126 158 159 160   0.0 0.25   0.25 0.5
54   1 1 4   16   140 141 142 143 146 147 148 149 152 153 154 155 158 159 160 161   0.25 0.5   0.25 0.5
55   1 1 4   16   141 142 143 144 147 148 149 150 153 154 155 156 159 160 161 162   0.5 0.75   0.25 0.5
56   1 1 4   16   142 143 144 145 148 149 150 151 154 155 156 157 160 161 162 163   0.75 1.0   0.25 0.5
57   1 1 4   16   112 146 147 148 119 152 153 154 126 158 159 160 133 164 165 166   0.0 0.25   0.5 0.75
58   1 1 4   16   146 147 148 149 152 153 154 155 158 159 160 161 164 165 166 167   0.25 0.5   0.5 0.75
59   1 1 4   16   147 148 149 150 153 154 155 156 159 160 161 162 165 166 167 168   0.5 0.75   0.5 0.75
60   1 1 4   16   148 149 150 151 154 155 156 157 160 161 162 163 166 167 168 169   0.75 1.0   0.5 0.75
61   1 1 4   16   119 152 153 154 126 158 159 160 133 164 165 166 7 50 51 52   0.0 0.25   0.75 1.0
62   1 1 4   16   152 153 154 155 158 159 160 161 164 165 166 167 50 51 52 53   0.25 0.5   0.75 1.0
63   1 1 4   16   153 154 155 156 159 160 161 162 165 166 167 168 51 52 53 54   0.5 0.75   0.75 1.0
64   1 1 4   16   154 155 156 157 160 161 162 163 166 167 168 169 52 53 54 55   0.75 1.0   0.75 1.0

%LOAD
1
1	'Load_Case_1'

%LOAD.CASE
1

%LOAD.CASE.LINE.FORCE.UNIFORM
8
13   43 46   0   1.000000 1.000000 0.000000
14   44 47   0   1.000000 1.000000 0.000000
15   45 48   0   1.000000 1.000000 0.000000
16   46 49   0   1.000000 1.000000 0.000000
29   49 88   0   1.000000 1.000000 0.000000
30   86 89   0   1.000000 1.000000 0.000000
31   87 90   0   1.000000 1.000000 0.000000
32   88 91   0   1.000000 1.000000 0.000000

%END